1.5 1.02237e-140
1.51 1.02237e-140
1.52 1.16806e-131
1.53 5.86839e-134
1.54 1.20372e-125
1.55 2.6095e-120
1.56 8.80466e-118
1.57 4.04011e-119
1.58 9.20537e-113
1.59 1.11481e-112
1.6 3.28218e-106
1.61 2.75106e-89
1.62 1.74653e-87
1.63 2.57264e-91
1.64 3.92552e-87
1.65 1.06565e-84
1.66 1.63376e-82
1.67 1.07823e-79
1.68 1.24752e-68
1.69 1.42494e-63
1.7 1.29964e-65
1.71 2.80476e-61
1.72 1.00631e-58
1.73 5.2451e-56
1.74 9.77623e-55
1.75 7.05346e-49
1.76 1.02748e-47
1.77 2.37388e-46
1.78 1.33994e-42
1.79 2.98002e-41
1.8 1.33007e-36
1.81 6.09955e-35
1.82 1.02241e-34
1.83 3.06784e-32
1.84 7.40331e-14
1.85 1.63473e-10
1.86 5.84919e-06
1.87 0.000541503
1.88 0.00851477
1.89 0.0214906
1.9 0.0994678
1.91 0.249597
1.92 0.468945
1.93 1.88878
1.94 4.1226
1.95 7.84024
1.96 15.6027
1.97 20.6032
1.98 26.8447
1.99 43.9037
2 64.2759
2.01 93.1496
2.02 125.325
2.03 143.586
2.04 191.763
2.05 249.827
2.06 321.748
2.07 377.426
2.08 507.905
2.09 588.851
2.1 775.843
2.11 1107.48
2.12 1479.53
2.13 1953.01
2.14 3642.96
2.15 4646.23
2.16 8347.53
2.17 11648.3
2.18 17177.7
2.19 24318.7
2.2 33369.8
2.21 39007.6
2.22 47692.4
2.23 50732.2
2.24 57608.3
2.25 56590.1
2.26 63825.7
2.27 60865.1
2.28 63703.6
2.29 62177.2
2.3 62243
2.31 61997
2.32 59507.8
2.33 56405.4
2.34 57361.4
2.35 56928.4
2.36 60262
2.37 54428.2
2.38 52792.9
2.39 53290.2
2.4 50973.1
2.41 51894.2
2.42 48172.1
2.43 49077
2.44 49668
2.45 47716.4
2.46 49144.4
2.47 45396.5
2.48 42405.2
2.49 43736.3
2.5 40322.4
2.51 38359.1
2.52 34576.2
2.53 34762
2.54 31971.8
2.55 32222.5
2.56 29110.1
2.57 26247.1
2.58 24650.8
2.59 22886.5
2.6 21020.9
2.61 19738.8
2.62 17012.1
2.63 14793
2.64 14151.7
2.65 13130.3
2.66 11457.4
2.67 10415.8
2.68 9295.95
2.69 8267.99
2.7 6245.67
2.71 5506.46
2.72 4578.87
2.73 3863.78
2.74 3165.43
2.75 2158.86
2.76 2012.06
2.77 1583.83
2.78 1128.73
2.79 726.97
2.8 447.256
2.81 345.208
2.82 192.109
2.83 121.789
2.84 79.5108
2.85 53.2913
2.86 33.1261
2.87 27.9514
2.88 21.7373
2.89 15.8078
2.9 11.7455
2.91 5.70203
2.92 3.74353
2.93 4.1061
2.94 2.11823
2.95 1.3107
2.96 1.0653
2.97 0.626634
2.98 0.311676
2.99 0.266859
3 0.154663
3.01 0.239365
3.02 0.0136807
3.03 0.0117702
3.04 0.0142605
3.05 0.00289392
3.06 0.00394742
3.07 7.18647e-05
3.08 1.31695e-05
3.09 6.43938e-08
3.1 1.04698e-08
3.11 5.9551e-25
3.12 1.71542e-29
3.13 4.53402e-31
3.14 5.76993e-35
3.15 1.13224e-32
3.16 1.13644e-33
3.17 1.5462e-36
3.18 1.19475e-38
3.19 1.14142e-35
3.2 1.99685e-41
3.21 1.32011e-40
3.22 2.7122e-43
3.23 5.8031e-46
3.24 3.82857e-47
3.25 4.86853e-47
3.26 2.02967e-51
3.27 5.50688e-53
3.28 2.77645e-54
3.29 1.27313e-56
3.3 9.47122e-56
3.31 6.62755e-58
3.32 4.72544e-60
3.33 5.30688e-57
3.34 4.03407e-67
3.35 1.00041e-67
3.36 5.229e-68
3.37 3.88767e-68
3.38 2.02737e-72
3.39 7.54896e-72
3.4 1.24976e-76
3.41 1.70411e-78
3.42 4.72689e-80
3.43 1.77366e-81
3.44 2.53499e-82
3.45 9.24985e-85
3.46 6.41199e-86
3.47 1.58978e-89
3.48 1.44346e-92
3.49 8.70378e-98
3.5 2.44949e-96
